//test case 1
10 10
1077777777
0077777777
0777777777
0777777777
0770007777
0770707777
0770707777
0777707777
0777700007
2077777707

//Test case 2
5 5
10777
70777
70007
70007
77702

//Test case 3
7 7
1000777
7770777
7770077
7770077
7777077
7777077
7770002

//Test case 4
10 10
1000000000
0070070070
0700700700
0070070070
0700700700
0070070070
0770770770
0700700700
0770770770
0070070002


maze_data = [
    [1, 0, 7, 7, 7, 7, 7, 7, 7, 7],
    [0, 0, 7, 7, 7, 7, 7, 7, 7, 7],
    [0, 7, 7, 7, 7, 7, 7, 7, 7, 7],
    [0, 7, 7, 7, 7, 7, 7, 7, 7, 7],
    [0, 7, 7, 0, 0, 0, 7, 7, 7, 7],
    [0, 7, 7, 0, 7, 0, 7, 7, 7, 7],
    [0, 7, 7, 0, 7, 0, 7, 7, 7, 7],
    [0, 7, 7, 7, 7, 0, 7, 7, 7, 7],
    [0, 7, 7, 7, 7, 0, 0, 0, 0, 7],
    [2, 0, 7, 7, 7, 7, 7, 7, 0, 7]
]


maze_data = [
    [1, 0, 7, 7, 7],
    [7, 0, 7, 7, 7],
    [7, 0, 0, 0, 7],
    [7, 0, 0, 0, 7],
    [7, 7, 7, 0, 2]
]

maze_data = [
    [1, 0, 0, 0, 7, 7, 7],
    [7, 7, 7, 0, 7, 7, 7],
    [7, 7, 7, 0, 0, 7, 7],
    [7, 7, 7, 0, 0, 7, 7],
    [7, 7, 7, 7, 0, 7, 7],
    [7, 7, 7, 7, 0, 7, 7],
    [7, 7, 7, 0, 0, 0, 2]
]


maze_data = [
    [1, 0, 0, 0, 0, 0, 0, 0, 0, 0],
    [0, 0, 7, 0, 0, 7, 0, 0, 7, 0],
    [0, 7, 0, 0, 7, 0, 0, 7, 0, 0],
    [0, 0, 7, 0, 0, 7, 0, 0, 7, 0],
    [0, 7, 0, 0, 7, 0, 0, 7, 0, 0],
    [0, 0, 7, 0, 0, 7, 0, 0, 7, 0],
    [0, 7, 7, 0, 7, 7, 0, 7, 7, 0],
    [0, 7, 0, 0, 7, 0, 0, 7, 0, 0],
    [0, 7, 7, 0, 7, 7, 0, 7, 7, 0],
    [0, 0, 7, 0, 0, 7, 0, 0, 0, 2]
]